[
	[
		-0.99598306577861595,
		-0.063817659993881518,
		0.062809545095745059,
		0.0
	],
	[
		0.041786267839293588,
		-0.9516542643657282,
		-0.30431573888740532,
		0.0
	],
	[
		0.079193689788340557,
		-0.30046874610752772,
		0.95049823361765284,
		0.0
	],
	[
		0.0,
		0.0,
		0.0,
		1.0
	]
]